89.2
83.8
96.7
83.6
97.7
76.2
86.4
86.1
83.8
88.6
76.0
84.2
73.6
95.0
86.9
98.5
87.3
58.0
97.6
84.2
83.3
82.9
78.1
97.1
86.9
34.4
83.7
92.6
33.3
90.9
97.6
96.5
94.7
78.5
90.3
79.0
95.8
82.3
91.8
91.4
83.6
70.5
89.3
91.8
73.6
71.7
92.6
79.3
49.2
98.4
79.7
93.6
85.7
55.0
96.7
81.5
84.2
77.0
85.7
96.9
64.5
52.2
87.0
67.8
81.0
88.5
87.0
83.0
89.3
94.2
81.0
84.4
81.9
83.9
58.7
95.5
62.5
88.3
88.3
86.4
96.7
82.2
91.4
82.3
85.9
94.2
88.8
77.0
83.0
83.6
72.0
65.8
95.0
84.0
95.3
90.3
84.4
88.0
88.7
78.5
95.7
96.7
67.0
79.3
74.2
87.7
83.8
95.2
91.8
91.4
89.0
90.3
93.1
96.5
88.5
96.9
85.4
95.5
81.0
89.5
88.3
91.5
40.7
90.3
83.8
96.5
75.6
29.4
91.4
88.8
84.7
96.9
96.7
71.0
95.8
33.3
65.1
96.9
96.9
96.9
89.6
76.0
60.5
82.6
91.0
96.7
96.9
93.9
72.0
84.0
82.5
78.2
82.1
85.7
78.0
97.1
90.9
96.2
89.8
95.8
76.4
86.3
94.2
82.0
89.4
96.7
83.5
69.0
84.1
87.5
86.4
92.2
87.1
97.6
87.5
93.9
82.6
82.0
82.3
88.8
91.4
92.3
93.1
60.8
87.8
88.0
96.7
61.1
81.6
82.0
71.1
97.1
95.6
84.2
97.7
93.5
86.8
96.5
96.7
35.8
62.3
92.6
89.1
85.0
84.8
91.3
51.0
96.5
91.8
93.5
48.1
91.6
74.3
84.8
92.0
89.3
97.1
96.9
88.8
87.8
85.7
81.6
96.9
88.1
92.6
96.7
93.3
66.6
28.4
96.7
85.0
96.7
83.7
82.7
88.3
79.4
92.9
96.2
73.3
86.3
86.2
90.3
85.2
88.6
69.2
96.7
93.6
85.8
84.6
84.2
95.2
88.8
92.6
75.0
78.6
76.1
90.3
71.4
96.9
96.7
33.3
87.7
73.6
62.0
85.7
88.7
91.1
81.0
88.4
93.6
89.3
67.6
90.3
85.4
79.7
90.9
91.4
78.6
88.8
94.8
86.0
97.7
88.8
73.9
76.1
91.3
96.2
95.3
79.4
86.4
88.1
87.7
76.8
96.0
98.5
80.0
89.7
56.6
80.0
89.5
94.7
81.2
96.7
91.8
86.3
90.3
80.7
89.6
91.8
88.6
94.9
76.7
80.3
89.5
97.6
85.9
60.7
80.0
83.7
90.9
92.0
93.3
88.3
92.3
85.7
92.3
84.9
58.1
42.8
77.1
94.0
86.8
98.7
78.6
87.1
86.4
85.5
91.6
89.6
80.9
74.0
91.2
87.8
86.4
97.6
55.2
83.8
89.0
80.0
78.8
74.0
90.4
92.7
92.6
97.7
90.9
76.1
84.0
84.1
62.7
78.9
70.5
74.3
97.4
96.5
77.7
97.1
74.3
96.7
87.3
90.3
87.3
96.9
97.2
68.2
88.8
89.6
78.9
89.0
86.7
94.3
33.3
42.0
76.2
57.8
86.4
81.3
50.0
92.6
83.9
96.7
82.6
96.9
91.4
93.1
90.9
97.7
96.5
81.0
96.9
84.9
86.2
96.9
89.7
96.9
84.3
94.3
96.7
80.7
87.8
85.7
94.2
75.3
92.5
89.0
63.4
81.9
96.5
93.5
81.0
86.3
78.9
96.7
90.2
78.7
74.3
87.5
90.9
52.3
95.0
89.8
85.3
64.0
82.2
77.9
95.7
88.7
46.4
84.0
91.4
85.2
68.0
62.5
92.3
87.1
53.4
89.5
95.0
66.6
93.6
89.6
91.4
88.1
90.6
90.1
47.8
79.2
87.3
96.9
43.4
62.3
91.3
89.2
83.3
87.1
76.5
70.0
29.7
96.9
36.6
85.2
90.0
93.0
32.4
95.0
94.2
91.9
96.5
79.2
90.9
91.9
41.3
84.9
77.2
37.3
85.7
80.8
71.6
86.8
96.7
77.4
87.2
96.5
90.3
96.9
88.8
83.0
86.8
48.3
85.1
84.9
75.6
94.2
90.6
81.1
90.0
69.2
81.8
83.8
67.4
59.6
88.0
93.9
85.9
96.2
91.8
91.0
95.2
97.1
90.5
87.7
93.1
86.2
95.2
98.5
83.0
90.9
90.9
92.5
50.0
93.8
88.1
96.5
85.7
65.3
87.0
81.6
52.0
87.6
89.6
75.0
29.7
80.0
86.4
90.9
98.5
66.2
94.1
83.8
84.3
96.9
78.2
96.5
85.9
96.2
82.7
78.2
97.7
68.9
65.3
87.6
96.7
96.7
77.7
96.5
96.2
89.3
89.8
85.8
92.9
80.5
44.4
90.4
90.3
92.5
85.7
81.9
85.2
96.7
96.5
79.0
88.8
55.2
63.0
93.7
89.6
70.3
32.5
44.2
86.2
81.9
81.6
83.6
36.3
92.3
86.2
63.4
89.2
85.9
91.4
88.8
96.2
85.2
89.8
93.0
86.1
87.0
95.3
81.0
84.5
87.6
86.1
93.3
74.6
97.7
96.9
90.3
93.5
98.3
96.7
96.9
85.4
91.7
95.7
97.5
61.3
91.8
83.8
38.2
97.1
96.7
77.7
84.0
95.7
86.7
62.9
71.6
97.1
91.8
90.1
67.8
56.4
77.9
87.1
89.3
86.6
88.8
75.4
95.7
88.5
82.7
23.5
85.2
27.0
75.7
84.7
91.4
88.4
96.2
59.2
96.5
32.1
88.8
82.7
31.2
88.0
96.7
40.0
90.9
85.8
86.4
97.1
63.9
93.5
78.2
97.6
78.7
89.6
96.9
51.9
80.5
96.9
62.5
90.3
29.8
69.3
97.6
61.0
91.5
85.9
87.6
72.6
90.9
86.9
91.9
90.3
83.8
87.0
75.6
96.7
97.1
73.3
89.1
86.1
93.8
90.9
83.0
96.9
82.2
84.6
96.5
73.4
81.0
69.2
98.3
91.1
92.5
93.0
90.6
96.9
64.1
88.8
62.1
95.0
79.4
67.1
59.2
80.0
87.1
92.9
96.9
90.7
96.7
91.1
88.0
62.5
69.5
76.0
68.9
91.8
72.3
84.7
79.7
65.3
88.7
77.1
97.6
89.4
88.2
71.2
96.7
82.7
95.7
87.8
79.0
87.5
70.7
84.7
72.4
81.0
87.0
96.7
86.2
56.8
81.9
96.7
88.2
81.4
89.6
75.0
81.1
80.8
89.6
48.0
77.5
82.0
90.7
58.6
95.7
86.4
88.7
90.0
96.9
69.2
96.2
75.0
93.1
86.2
86.3
63.3
88.5
93.8
87.8
96.7
93.1
90.9
88.8
87.6
63.2
89.6
79.6
85.9
85.9
85.7
97.1
96.7
77.0
96.7
94.1
96.9
97.6
88.8
89.6
69.5
96.9
70.6
77.4
90.9
86.6
82.0
93.1
45.8
96.7
93.5
95.7
96.9
88.3
87.6
97.7
88.8
89.4
83.7
84.4
95.6
92.9
56.5
90.3
60.8
96.9
54.5
69.2
84.2
78.9
74.2
84.1
84.5
74.0
89.8
88.8
97.2
81.5
75.6
35.3
82.7
98.5
91.7
88.3
96.5
89.8
93.8
85.7
85.9
91.5
61.1
83.8
94.5
82.1
88.5
93.5
60.0
81.6
86.6
89.2
88.8
66.6
87.2
74.3
91.1
91.5
96.9
91.3
95.7
79.1
91.9
80.0
34.6
69.0
91.5
95.7
57.1
88.6
95.3
96.7
84.2
96.5
85.7
90.3
79.6
89.7
71.4
84.3
94.3
83.9
72.4
87.5
86.8
85.7
75.6
84.3
34.3
86.1
89.1
29.7
89.8
90.9
91.8
32.1
68.9
84.4
93.5
84.9
34.7
75.6
81.0
42.3
89.8
96.7
28.5
81.9
73.9
91.4
89.2
76.3
88.8
89.5
87.8
85.7
97.5